         142
         171
         101
         141
         124
         174
          51
          62
          99
          47
         235
           6
          48
         184
          80
          15
         126
         144
         204
         152
          89
         152
         131
         194
          95
         146
         126
         230
         180
         159
         249
         136
         230
         163
          17
          96
          77
          51
          74
         196
         116
          30
         165
         110
          31
         250
         165
          83
         160
          92
          74
          32
         229
          15
         250
          11
         156
         176
          85
         110
         243
         164
           4
          42
          40
         129
         234
          41
          62
          86
          19
         205
          97
          69
           6
          98
         246
          20
         102
         139
          53
         131
           6
          72
         110
         238
         204
         234
         216
         213
         249
         126
          33
         237
          83
          15
         189
         139
          28
          21
         252
         116
         176
         141
          93
         212
         208
         155
         233
         136
         164
         108
         230
         158
         146
          33
          17
          71
         254
          30
          31
         245
         252
         160
         235
          39
         101
          92
         228
         215
          27
           6
          15
          37
         138
         230
         177
         151
         178
         228
         183
          99
         195
         243
         130
         248
         149
         168
          37
         228
